141
5
4
75	89	89	61	77	89	92	100	87	95	66	85	75	88	76	81	71	76	87	68	82	72	70	88	78	82	83	61	86	92	98	75	90	79	67	70	77	62	81	90	61	89	74	92	62	67	86	88	98	78	82	79	83	86	76	96	96	87	74	83	87	77	88	61	89	87	83	73	87	81	95	84	88	83	95	87	82	90	89	76	96	75	91	65	66	94	73	83	75	88	63	73	83	62	63	73	92	92	78	81	82	88	68	85	70	85	96	97	89	87	89	82	88	81	74	85	71	85	83	61	92	81	63	79	71	85	72	75	74	85	79	72	88	83	82	85	90	82	81	77	86
72	100	70	84	81	62	70	93	92	70	74	68	71	94	76	68	92	76	74	77	86	79	78	94	99	60	61	76	86	89	93	75	63	94	77	80	85	83	62	74	73	75	86	67	73	85	75	61	95	82	73	81	61	92	83	91	90	71	83	99	72	81	60	79	85	72	89	81	87	98	88	80	85	68	64	85	60	61	81	97	91	96	87	70	70	88	89	60	83	87	70	72	61	81	78	85	71	73	78	66	73	63	80	82	96	75	95	94	73	70	91	64	62	67	88	72	84	89	63	81	90	63	74	82	83	90	91	86	77	62	80	97	61	67	70	62	92	64	97	82	90
72	85	88	73	75	87	91	94	85	91	69	94	71	87	75	92	89	73	88	74	88	77	65	98	78	89	88	68	93	95	96	70	94	89	67	72	79	75	87	89	78	92	75	87	67	69	88	91	97	65	87	90	90	84	68	98	90	90	76	85	90	78	89	69	99	92	77	77	92	88	100	79	100	88	95	98	90	85	87	90	98	79	97	78	66	91	88	95	72	76	79	78	85	70	70	75	91	90	65	85	95	94	70	87	79	87	92	91	92	93	91	93	86	92	83	91	73	94	86	68	90	94	75	76	83	91	87	86	67	91	68	77	90	92	89	94	95	88	84	76	76
83	95	79	85	88	78	77	93	97	75	90	65	93	95	91	71	97	95	65	86	97	94	89	94	96	76	65	80	98	97	98	82	79	96	94	89	83	88	71	69	85	74	96	67	90	94	67	75	95	91	74	96	71	100	89	99	96	66	86	95	69	96	79	81	93	73	98	93	90	99	100	96	94	72	69	93	77	79	99	96	92	96	94	84	84	93	98	65	90	100	82	92	71	80	80	92	76	78	86	76	76	75	82	99	99	79	92	100	72	67	96	65	75	76	98	66	87	95	68	84	95	72	85	81	98	98	98	96	87	66	91	96	65	68	70	74	90	65	100	84	97
87	21	66	82	75	61	67	66	27	56	70	66	70	38	71	52	31	78	51	77	32	75	71	64	39	68	67	88	79	77	68	85	54	39	80	75	84	88	70	55	88	57	28	69	84	80	62	70	72	71	64	38	68	38	72	68	61	62	79	26	53	30	50	85	73	65	31	71	71	26	76	24	74	67	50	72	59	50	24	22	68	23	62	73	90	67	32	58	88	23	82	76	60	72	78	89	51	57	83	63	55	70	80	27	34	56	79	64	64	70	75	54	58	55	21	61	87	66	53	86	78	65	82	71	30	70	25	39	81	62	73	26	63	64	56	68	76	50	33	76	28
0	1	0	0	0	0	0	0	1	0	0	0	0	1	0	0	1	0	0	0	1	0	0	0	1	0	0	0	0	0	0	0	0	1	0	0	0	0	0	0	0	0	1	0	0	0	0	0	0	0	0	1	0	1	0	0	0	0	0	1	0	1	0	0	0	0	1	0	0	1	0	1	0	0	0	0	0	0	1	1	0	1	0	0	0	0	1	0	0	1	0	0	0	0	0	0	0	0	0	0	0	0	0	1	1	0	0	0	0	0	0	0	0	0	1	0	0	0	0	0	0	0	0	0	1	0	1	1	0	0	0	1	0	0	0	0	0	0	1	0	1
0	0	1	0	0	1	1	0	0	1	0	1	0	0	0	1	0	0	1	0	0	0	0	0	0	1	1	0	0	0	0	0	1	0	0	0	0	0	1	1	0	1	0	1	0	0	1	1	0	0	1	0	1	0	0	0	0	1	0	0	1	0	1	0	0	1	0	0	0	0	0	0	0	1	1	0	1	1	0	0	0	0	0	0	0	0	0	1	0	0	0	0	1	0	0	0	1	1	0	1	1	1	0	0	0	1	0	0	1	1	0	1	1	1	0	1	0	0	1	0	0	1	0	0	0	0	0	0	0	1	0	0	1	1	1	1	0	1	0	0	0
0	0	0	0	0	0	0	1	0	0	0	0	0	0	0	0	0	0	0	0	0	0	0	1	0	0	0	0	1	1	1	0	0	0	0	0	0	0	0	0	0	0	0	0	0	0	0	0	1	0	0	0	0	0	0	1	1	0	0	0	0	0	0	0	1	0	0	0	1	0	1	0	1	0	0	1	0	0	0	0	1	0	1	0	0	1	0	0	0	0	0	0	0	0	0	0	0	0	0	0	0	0	0	0	0	0	1	1	0	0	1	0	0	0	0	0	0	1	0	0	1	0	0	0	0	1	0	0	0	0	0	0	0	0	0	0	1	0	0	0	0
1	0	0	1	1	0	0	0	0	0	1	0	1	0	1	0	0	1	0	1	0	1	1	0	0	0	0	1	0	0	0	1	0	0	1	1	1	1	0	0	1	0	0	0	1	1	0	0	0	1	0	0	0	0	1	0	0	0	1	0	0	0	0	1	0	0	0	1	0	0	0	0	0	0	0	0	0	0	0	0	0	0	0	1	1	0	0	0	1	0	1	1	0	1	1	1	0	0	1	0	0	0	1	0	0	0	0	0	0	0	0	0	0	0	0	0	1	0	0	1	0	0	1	1	0	0	0	0	1	0	1	0	0	0	0	0	0	0	0	1	0
