141
5
4
90	96	68	90	83	87	83	77	76	90	98	76	73	79	74	88	85	70	92	66	87	88	87	75	88	82	65	88	85	82	98	83	82	77	89	61	79	79	82	92	77	68	71	82	95	92	61	99	92	96	75	81	75	81	90	95	77	92	67	85	88	71	97	88	89	87	75	75	83	72	80	85	90	88	85	87	63	87	76	61	86	88	89	89	70	89	74	85	73	84	87	70	92	82	85	61	83	89	95	72	63	62	81	85	66	62	81	94	89	83	82	75	83	79	78	63	61	71	78	83	81	96	68	96	67	86	85	86	82	91	70	88	72	89	90	100	86	75	74	70	78
83	90	71	61	61	92	61	85	83	63	93	76	72	81	86	64	90	75	89	74	70	62	72	72	61	60	70	95	68	86	95	99	73	81	62	81	80	94	73	67	85	80	83	64	64	90	79	95	73	91	74	67	83	97	74	88	81	71	77	72	61	92	94	94	63	87	75	86	63	91	88	62	61	87	75	85	78	72	76	73	90	60	73	91	78	100	83	82	89	80	71	80	70	70	66	80	67	75	70	79	70	83	66	89	70	73	68	88	81	60	60	71	61	82	99	74	84	84	78	89	63	91	77	95	85	64	62	62	94	87	83	85	97	70	92	93	75	70	77	96	82
76	90	73	86	88	85	90	89	68	94	96	75	78	90	75	89	91	68	95	69	93	86	90	72	91	90	78	88	94	88	97	85	95	78	87	68	68	89	87	87	79	70	83	88	95	90	69	92	90	98	71	92	72	84	89	100	75	91	67	91	90	89	91	98	95	92	70	86	86	87	75	94	85	76	87	98	70	92	73	78	76	89	92	91	65	85	76	87	88	79	90	72	91	89	93	72	92	92	91	77	79	75	85	94	66	67	92	91	87	95	89	71	85	76	78	75	73	73	65	77	94	98	74	92	69	89	91	95	89	97	79	100	77	88	99	94	88	71	67	79	65
96	96	88	77	65	97	71	99	89	79	98	91	92	96	96	68	98	94	97	90	67	75	69	83	75	77	84	98	65	97	95	95	76	96	78	84	91	96	74	67	83	82	98	65	69	95	81	92	78	99	92	76	90	100	69	100	88	76	94	66	65	97	100	94	75	90	82	96	68	98	98	74	79	100	79	93	80	73	95	85	97	79	72	96	89	95	86	99	98	96	66	89	77	70	70	83	68	74	75	94	82	88	76	95	84	90	71	93	99	65	76	93	71	81	96	85	85	87	86	98	72	92	86	92	94	76	66	75	98	94	82	94	96	79	90	93	67	95	87	99	91
39	61	77	63	67	27	68	33	72	54	68	71	76	38	28	67	70	84	77	70	70	58	53	87	70	59	73	25	66	32	72	26	55	30	61	86	73	39	64	69	84	80	30	50	50	78	85	63	57	68	81	55	88	33	55	76	75	51	80	61	63	31	64	64	69	71	85	39	53	25	37	68	50	23	56	72	78	65	78	88	28	50	64	75	71	21	79	27	32	24	62	75	67	56	69	83	64	57	56	75	82	88	63	66	90	84	52	67	24	58	68	70	60	71	39	82	82	87	83	31	65	68	77	79	80	65	62	61	23	62	89	74	26	66	70	66	62	80	81	34	71
1	0	0	0	0	1	0	1	0	0	0	0	0	1	1	0	0	0	0	0	0	0	0	0	0	0	0	1	0	1	0	1	0	1	0	0	0	1	0	0	0	0	1	0	0	0	0	0	0	0	0	0	0	1	0	0	0	0	0	0	0	1	0	0	0	0	0	1	0	1	1	0	0	1	0	0	0	0	0	0	1	0	0	0	0	1	0	1	1	1	0	0	0	0	0	0	0	0	0	0	0	0	0	0	0	0	0	0	1	0	0	0	0	0	1	0	0	0	0	1	0	0	0	0	0	0	0	0	1	0	0	0	1	0	0	0	0	0	0	1	0
0	0	0	1	1	0	1	0	0	1	0	0	0	0	0	1	0	0	0	0	1	1	1	0	1	1	0	0	1	0	0	0	1	0	1	0	0	0	1	1	0	0	0	1	1	0	0	0	1	0	0	1	0	0	1	0	0	1	0	1	1	0	0	0	1	0	0	0	1	0	0	1	1	0	1	0	0	1	0	0	0	1	1	0	0	0	0	0	0	0	1	0	1	1	1	0	1	1	1	0	0	0	1	0	0	0	1	0	0	1	1	0	1	0	0	0	0	0	0	0	1	0	0	0	0	1	1	1	0	0	0	0	0	1	0	0	1	0	0	0	0
0	1	0	0	0	0	0	0	0	0	1	0	0	0	0	0	1	0	1	0	0	0	0	0	0	0	0	0	0	0	1	0	0	0	0	0	0	0	0	0	0	0	0	0	0	1	0	1	0	1	0	0	0	0	0	1	0	0	0	0	0	0	1	1	0	1	0	0	0	0	0	0	0	0	0	1	0	0	0	0	0	0	0	1	0	0	0	0	0	0	0	0	0	0	0	0	0	0	0	0	0	0	0	1	0	0	0	1	0	0	0	0	0	0	0	0	0	0	0	0	0	1	0	1	0	0	0	0	0	1	0	1	0	0	1	1	0	0	0	0	0
0	0	1	0	0	0	0	0	1	0	0	1	1	0	0	0	0	1	0	1	0	0	0	1	0	0	1	0	0	0	0	0	0	0	0	1	1	0	0	0	1	1	0	0	0	0	1	0	0	0	1	0	1	0	0	0	1	0	1	0	0	0	0	0	0	0	1	0	0	0	0	0	0	0	0	0	1	0	1	1	0	0	0	0	1	0	1	0	0	0	0	1	0	0	0	1	0	0	0	1	1	1	0	0	1	1	0	0	0	0	0	1	0	1	0	1	1	1	1	0	0	0	1	0	1	0	0	0	0	0	1	0	0	0	0	0	0	1	1	0	1
